1 10 20
100 200 125
201 210 89
900 1000 174
1 1 1
2 2 2
3 3 8
999 1057 169
1 100000 351
555 559 88
666 666 114
999 999 50
444 444 72
831 842 135
1 15 20
22 44 112
737 838 153
10000 10024 211
2000 2222 170
6123 6124 187
777 777 34
1234 12345 268
123 1234 182
12 123 119
234 432 144
8333 8444 234
1 50 112
299 300 118
342 433 134
4567 4598 171
1 1000 179
42 42 9
73 778 171
654 765 171
684 835 171
1 9999 262
2 4567 238
443 448 98
9999 10000 92
347 987 179
1417 6464 262
4763 9855 262
23478 23874 282
7655 88743 351
6575 98375 351
3943 4553 215
17656 38767 324
82373 84332 320
55538 75844 335
1 32323 308
1 2 2
2 3 8
2 9 20
24 43 112
43 24 112
9 2 20
3 2 8
2 1 2
32323 1 308
987 347 179
34 832 171
832 34 171
736 949 179
949 736 179
273 272 30
272 273 30
423 237 144
237 423 144
876 3456 217
3456 876 217
6583 7865 257
7865 6583 257
7098 6385 257
6385 7098 257
8157 6124 262
6124 8157 262
5647 273 238
273 5647 238
34 2222 182
2222 34 182
875 337 179
337 875 179
3 84 116
84 3 116
9 99 119
99 9 119
6 4433 238
4433 6 238
7 29 112
29 7 112
41 82 116
82 41 116
7282 3 262
3 7282 262
484 9 144
9 484 144
9782 26363 282
26363 9782 282
5345 2 238
2 5345 238
7 4 17
4 7 17
98 27 119
27 98 119
